49 0  40 0  49 0  40 0  49 0  11 0  23 0  40 0  41 0  40 0  44 0  40 0  41 0  12 0  56 0  52 0  40 0  49 0  32 0  47 0  11 0  23 0  4 0  0 0  52 0  5 0  3 0  46 0  24 0  35 0  19 2  56 0  51 4  40 0  44 0  41 0  9 0  12 0  59 1  8 0  42 0  6 0  53 0  1 0  54 0  37 0  2 0  34 0  36 0  28 0  38 0  45 0  58 0  13 0  43 0  14 0  57 0  31 0  15 0  7 0  
31 0  36 0  13 0  36 0  47 0  31 0  15 0  29 0  15 0  7 1  29 0  29 0  42 0  42 0  14 0  23 0  44 0  44 0  56 0  26 0  33 0  13 0  32 0  21 0  11 0  47 0  42 0  36 0  43 0  15 0  7 1  19 2  53 0  40 0  52 0  17 0  34 0  28 0  24 0  49 0  4 0  55 0  35 0  44 0  58 0  41 0  56 0  16 0  39 0  45 0  23 0  29 0  1 0  14 0  20 0  9 0  6 0  31 0  18 0  38 0  
39 0  39 0  14 0  39 0  26 1  4 0  2 0  57 0  52 0  2 0  2 0  14 0  4 0  48 0  57 0  23 0  49 0  9 0  18 0  42 0  36 0  16 0  51 0  29 0  32 0  38 1  47 0  46 0  2 0  34 0  40 0  26 1  5 0  53 0  41 0  44 0  52 0  0 0  19 2  39 0  31 0  4 0  33 0  30 0  58 0  14 0  57 0  24 0  16 0  56 0  22 0  49 0  48 0  18 0  20 0  43 0  9 0  42 0  23 0  36 0  
31 0  39 0  15 0  38 0  38 0  30 0  52 0  30 0  37 0  46 0  2 0  37 0  39 0  40 0  39 0  31 0  7 0  9 0  45 0  30 0  3 0  2 0  1 0  15 0  0 0  21 1  59 1  13 2  5 0  37 0  45 0  54 0  48 0  30 0  7 0  9 0  3 0  31 0  39 0  2 0  46 0  40 0  15 0  38 0  52 0  32 0  29 0  11 0  6 0  35 0  47 0  41 0  58 0  33 0  1 0  14 0  42 0  53 0  50 0  17 0  
37 0  6 0  9 0  38 0  32 0  31 0  45 1  38 0  32 0  37 0  32 0  28 0  9 0  37 0  42 0  37 0  52 0  42 0  9 0  52 0  43 0  11 0  3 0  16 0  32 0  9 0  38 0  54 0  32 0  24 0  12 0  45 1  6 0  38 0  49 1  57 0  37 0  58 0  35 0  2 0  42 0  36 0  48 0  28 0  22 1  41 0  15 0  16 0  55 0  18 0  54 0  11 0  43 0  39 0  52 0  31 0  32 0  9 0  3 0  34 0  
52 0  51 0  28 0  51 0  52 0  28 0  52 0  56 0  20 0  52 0  19 1  24 0  52 0  51 0  40 0  46 0  52 0  24 0  2 0  32 0  5 0  40 0  20 0  31 0  30 0  40 0  18 0  42 0  32 0  24 0  18 0  52 0  2 0  18 0  19 1  22 1  42 0  33 0  18 0  7 1  56 0  11 0  15 0  24 0  28 0  35 0  46 0  5 0  47 0  25 0  57 0  42 0  31 0  40 0  51 0  20 0  32 0  30 0  18 0  2 0  
19 0  45 1  20 0  19 0  20 0  20 0  8 0  2 0  24 0  46 0  46 0  28 0  42 0  35 0  29 0  28 0  57 0  20 0  20 0  3 0  8 0  53 0  51 0  34 0  47 0  24 0  29 0  45 1  52 1  19 0  49 1  46 0  35 0  20 0  39 0  3 0  8 0  4 0  11 0  16 0  51 0  30 0  2 0  48 0  17 0  58 0  31 0  9 0  23 0  22 0  7 0  15 0  41 0  54 0  57 0  42 0  28 0  1 0  50 0  27 0  
48 0  15 0  7 0  15 0  45 1  48 0  48 0  15 0  15 0  12 0  15 0  15 0  15 0  15 0  15 0  15 0  15 0  15 0  15 0  4 0  13 0  15 0  12 0  4 0  42 0  13 0  15 0  21 0  4 0  22 0  7 0  15 0  51 0  28 0  15 0  7 0  28 0  42 0  35 0  55 0  45 1  48 0  7 0  52 1  51 0  12 0  13 0  4 0  22 0  18 0  37 0  15 0  21 0  49 1  1 0  0 0  28 0  48 0  42 0  16 0  
26 0  26 0  38 0  26 0  7 1  10 0  26 0  49 0  50 0  26 0  31 0  11 0  16 0  25 0  10 0  25 0  56 0  25 0  56 0  16 0  17 0  56 0  44 0  38 0  56 0  59 0  25 0  38 0  56 0  56 0  42 0  16 0  42 0  16 0  31 0  25 0  10 0  37 0  7 1  50 0  34 0  6 0  26 0  17 0  14 0  44 0  0 0  59 0  56 0  19 2  38 0  25 0  16 0  15 0  49 0  45 0  33 0  8 0  42 0  11 0  
32 1  17 0  39 0  28 0  23 0  3 0  7 0  37 0  4 0  37 0  14 0  42 0  37 0  27 0  58 0  14 0  7 0  58 0  3 0  14 0  17 0  58 0  26 0  31 0  14 0  42 0  12 0  12 0  44 0  44 0  43 0  8 0  7 0  16 0  12 0  31 0  10 0  32 1  19 0  26 0  23 0  39 0  21 0  57 1  17 0  28 0  58 0  20 1  53 0  3 0  48 0  14 0  4 0  12 0  37 0  42 0  44 0  27 0  43 0  51 0  
33 0  37 1  36 0  36 0  36 0  48 0  43 0  52 0  50 0  39 0  49 2  36 0  45 0  33 0  44 0  37 1  51 0  46 0  35 0  40 0  53 0  54 0  55 0  56 0  57 0  58 0  59 0  0 0  1 0  2 0  3 0  4 0  5 0  6 0  7 0  8 0  9 0  10 0  11 0  12 0  13 0  14 0  15 0  16 0  17 0  18 0  19 0  20 0  21 0  22 0  23 0  24 0  25 0  26 0  27 0  28 0  29 0  30 0  31 0  32 0  
