73 0  59 0  25 0  25 0  4 0  27 0  11 0  48 0  42 0  44 0  44 0  27 0  27 0  59 0  48 0  33 0  64 0  27 0  11 0  53 0  14 0  15 0  44 0  73 0  52 0  4 0  41 2  97 0  98 0  36 0  65 0  20 0  10 0  2 0  26 0  94 0  57 0  42 0  67 0  25 0  7 0  79 0  27 0  59 0  9 0  21 0  19 0  33 0  53 0  31 0  64 0  48 0  86 0  8 0  15 0  14 0  62 2  34 0  60 0  32 0  39 0  95 0  58 0  40 0  0 0  47 0  89 0  23 0  50 0  99 0  70 0  3 0  17 0  38 0  54 0  35 0  24 0  46 0  22 0  30 0  37 0  43 0  84 0  63 0  5 0  51 0  29 0  18 0  6 0  55 0  87 0  13 0  49 0  96 0  28 0  69 0  16 0  72 0  85 0  91 0  
8 0  16 0  94 0  94 0  16 0  87 0  87 0  22 0  58 0  8 0  33 0  8 0  32 0  52 0  78 0  78 0  90 0  50 0  60 0  50 0  62 2  74 0  77 0  99 0  76 0  81 0  47 0  17 0  44 0  26 0  13 0  84 0  38 0  80 0  18 0  23 0  65 0  25 0  83 0  12 0  98 0  54 0  15 0  64 0  85 0  39 0  35 0  63 0  55 0  16 0  28 0  19 0  61 0  56 0  14 0  94 0  22 0  87 0  21 0  27 0  52 0  33 0  58 0  20 0  48 0  50 0  78 0  8 0  41 2  68 0  96 0  32 0  79 0  93 0  6 0  67 0  11 0  89 0  31 0  95 0  4 0  82 0  91 0  88 0  92 0  1 0  29 0  97 0  46 0  9 0  70 0  45 0  42 0  5 0  66 0  51 0  59 0  75 0  3 0  2 0  
9 0  9 0  59 0  10 0  23 0  2 0  63 0  52 0  57 0  91 1  72 0  1 0  63 0  30 0  63 0  2 0  97 0  44 0  9 0  99 0  58 0  2 0  63 0  1 0  93 0  93 0  93 0  58 0  78 0  15 0  53 0  59 0  53 0  15 0  12 2  61 0  75 0  10 0  70 0  84 0  41 0  91 1  52 0  9 0  57 0  89 0  14 0  5 0  56 0  0 0  37 0  83 0  82 0  45 0  54 0  35 0  67 0  68 0  33 0  3 0  7 0  79 0  92 0  49 0  85 0  11 0  74 0  51 0  66 0  24 0  87 0  4 0  80 0  18 0  47 0  43 0  21 0  29 0  20 0  65 0  78 0  2 0  96 0  1 0  76 0  72 0  23 0  59 0  63 0  64 0  55 0  30 0  15 0  93 0  97 0  73 0  44 0  99 0  58 0  53 0  
58 0  95 0  50 0  6 0  12 1  14 0  6 0  14 0  40 0  7 0  58 0  58 0  50 0  32 0  50 0  7 0  91 1  70 0  14 0  40 0  1 0  32 0  32 0  32 0  18 0  32 0  32 0  99 0  50 0  40 0  79 0  24 0  86 0  98 0  95 0  58 0  55 0  97 0  21 0  76 0  89 0  6 0  14 0  12 1  41 0  87 0  37 0  85 0  59 0  23 0  66 0  30 0  51 0  43 0  33 0  80 0  46 0  0 0  77 0  96 0  34 0  3 0  20 0  45 0  90 0  64 0  71 0  39 0  57 0  73 0  27 0  36 0  74 0  75 0  26 0  29 0  53 0  94 0  92 0  72 0  2 0  44 0  38 0  22 0  1 0  7 0  88 0  78 0  70 0  99 0  79 0  40 0  91 1  32 0  50 0  69 0  18 0  28 0  84 0  24 0  
2 0  8 0  3 0  11 0  37 0  4 0  17 0  42 0  18 0  3 0  32 0  23 0  2 0  42 0  11 0  5 0  62 2  3 0  45 0  48 0  15 0  63 0  34 0  8 0  54 0  14 0  41 2  12 0  20 0  51 0  21 0  46 0  28 0  29 0  10 0  47 0  24 0  19 0  61 0  39 0  33 0  25 0  31 0  22 0  52 0  38 0  55 0  57 0  56 0  17 0  18 0  43 0  49 0  42 0  9 0  32 0  37 0  4 0  13 0  27 0  7 0  16 0  64 0  65 0  66 0  67 0  68 0  69 0  70 0  71 0  72 0  73 0  74 0  75 0  76 0  77 0  78 0  79 0  80 0  81 0  82 0  83 0  84 0  85 0  86 0  87 0  88 0  89 0  90 0  91 0  92 0  93 0  94 0  95 0  96 0  97 0  98 0  99 0  0 0  1 0  
54 0  55 0  55 0  54 0  54 0  54 0  54 0  54 0  54 0  54 0  54 0  54 0  54 0  54 0  54 0  54 0  54 0  54 0  54 0  54 0  54 0  54 0  54 0  54 0  54 0  54 0  41 1  54 0  88 0  54 0  56 0  71 0  37 0  59 0  40 0  59 0  91 0  42 0  54 0  59 0  40 0  40 0  20 0  59 0  24 0  67 0  52 0  15 0  89 0  48 0  36 0  88 0  71 0  58 0  41 1  62 2  68 0  39 0  97 0  65 0  6 0  61 0  3 0  84 0  99 0  25 0  43 0  37 0  54 0  91 0  92 0  70 0  13 0  49 0  50 0  8 0  9 0  87 0  45 0  16 0  72 0  47 0  44 0  95 0  0 0  94 0  35 0  12 0  83 0  11 0  52 0  60 0  42 0  40 0  96 0  59 0  20 0  56 0  55 0  24 0  
17 0  2 0  17 0  32 0  32 0  32 0  17 0  32 0  32 0  32 0  32 0  32 0  32 0  32 0  32 0  32 0  32 0  32 0  32 0  32 0  32 0  32 0  32 0  32 0  68 0  32 0  32 0  32 0  68 0  32 0  35 0  32 0  68 0  67 0  68 0  32 0  32 0  85 0  67 0  67 0  32 0  32 0  59 0  32 0  35 0  32 0  55 0  32 0  32 0  68 0  32 0  68 0  12 1  23 0  67 0  32 0  32 0  2 0  55 0  85 0  55 0  77 0  21 0  4 0  57 0  91 2  35 0  17 0  93 0  87 0  30 0  29 0  49 0  69 0  25 0  99 0  76 0  53 0  46 0  39 0  74 0  37 0  68 0  67 0  5 0  2 0  12 1  70 0  71 0  3 0  86 0  61 0  13 0  47 0  59 0  1 0  32 0  63 0  55 0  85 0  
68 0  68 0  56 0  20 0  29 0  71 0  29 0  29 0  29 0  29 0  20 0  12 0  20 0  34 0  62 1  25 0  29 0  68 0  25 0  25 0  72 0  71 0  56 0  92 0  29 0  20 0  27 0  34 0  18 0  12 0  55 0  69 0  17 0  3 0  12 0  18 0  18 0  48 0  48 0  18 0  44 0  59 0  70 0  23 0  99 0  18 0  16 0  57 0  11 0  54 0  42 0  33 0  5 0  8 0  66 0  72 0  62 1  92 0  29 0  68 0  60 0  83 0  79 0  52 0  96 0  89 0  4 0  94 1  34 0  55 0  20 0  71 0  25 0  12 0  56 0  27 0  49 0  32 0  36 0  15 0  47 0  13 0  69 0  43 0  58 0  19 0  61 0  59 0  2 0  17 0  48 0  73 0  65 0  44 0  18 0  99 0  37 1  90 0  3 0  75 0  
84 0  84 0  63 0  84 0  84 0  84 0  84 0  84 0  84 0  84 0  84 0  46 0  46 0  74 0  63 0  99 0  74 0  68 0  2 0  39 0  47 0  74 0  63 0  63 0  20 0  70 0  74 0  67 0  91 1  65 0  27 0  99 0  51 0  84 0  13 0  68 0  96 0  42 0  35 0  17 0  54 0  64 0  92 0  79 0  73 0  94 0  75 0  71 0  81 0  9 0  76 0  36 0  38 0  56 0  55 0  32 0  90 0  49 0  40 0  23 0  66 0  0 0  34 0  33 0  58 0  37 0  25 0  53 0  72 0  82 0  80 0  69 0  97 0  29 0  43 0  48 0  52 0  2 0  63 0  46 0  20 0  65 0  14 0  39 0  47 0  61 0  89 0  59 0  21 0  60 0  41 0  57 0  51 0  12 2  67 0  99 0  27 0  70 0  74 0  91 1  
31 0  12 1  59 0  71 0  59 0  89 0  71 0  24 0  59 0  24 0  89 0  89 0  24 0  24 0  88 0  89 0  11 0  71 0  27 0  11 0  37 0  37 0  24 0  77 0  2 0  87 0  84 0  11 0  13 0  13 0  37 0  31 0  89 0  91 2  83 0  74 0  6 0  90 0  3 0  67 0  15 0  75 0  63 0  66 0  93 0  56 0  0 0  81 0  79 0  18 0  47 0  30 0  97 0  70 0  86 0  33 0  68 0  14 0  8 0  72 0  58 0  23 0  69 0  78 0  99 0  41 0  9 0  55 0  96 0  59 0  94 0  42 0  32 0  71 0  62 0  29 0  80 0  82 0  22 0  24 0  37 0  51 0  35 0  13 0  11 0  61 0  76 0  2 0  87 0  88 0  73 0  60 0  84 0  12 1  77 0  48 0  20 0  10 0  53 0  27 0  
38 0  14 0  87 0  87 0  38 0  38 0  38 0  35 0  38 0  38 0  38 0  38 0  38 0  38 0  38 0  38 0  38 0  38 0  38 0  2 0  31 0  38 0  33 0  1 0  35 0  33 0  19 0  35 0  91 1  80 0  38 0  44 0  58 0  21 0  22 0  24 0  99 0  36 0  4 0  0 0  86 0  20 0  40 0  96 0  98 0  76 0  11 0  85 0  12 2  77 0  94 0  14 0  39 0  2 0  38 0  87 0  72 0  28 0  57 0  25 0  6 0  37 0  53 0  34 0  66 0  60 0  42 0  64 0  51 0  13 0  74 0  50 0  33 0  62 0  58 0  31 0  70 0  21 0  91 1  75 0  82 0  65 0  44 0  80 0  1 0  32 0  84 0  43 0  83 0  67 0  22 0  73 0  78 0  29 0  19 0  23 0  68 0  9 0  35 0  30 0  
