7 0  11 0  6 0  6 0  28 0  16 0  31 0  8 0  11 0  32 0  38 0  33 0  25 0  38 0  8 0  0 2  23 3  11 0  8 0  21 0  39 0  25 0  33 0  7 0  38 0  34 0  5 0  3 0  37 0  4 0  6 0  29 0  31 0  1 0  16 0  27 0  8 0  28 0  36 0  24 0  
9 0  38 0  1 0  1 0  1 0  1 0  22 0  1 0  1 0  1 0  1 0  1 0  1 0  1 0  1 0  38 0  7 0  1 0  1 0  8 0  8 0  34 0  34 0  22 0  17 0  0 0  38 0  12 0  35 0  39 3  7 0  34 0  9 0  8 0  1 0  14 0  18 3  10 0  17 0  3 0  
20 0  38 0  5 0  22 0  39 0  5 0  39 0  5 0  38 0  5 0  22 0  34 0  25 0  10 0  39 0  39 0  15 0  20 0  37 0  23 0  2 0  16 0  1 0  5 0  24 0  38 0  3 2  19 0  11 0  18 0  36 0  4 0  37 0  10 0  25 0  15 0  39 0  34 0  22 0  17 2  
4 1  9 0  0 0  9 0  9 0  9 0  9 0  9 0  9 0  23 0  9 0  18 0  1 0  18 0  4 1  36 0  36 0  36 0  23 0  23 0  23 0  23 0  36 0  36 0  18 0  39 0  36 0  0 0  37 0  23 0  36 0  1 0  18 0  4 1  9 0  17 2  38 0  39 0  23 0  36 0  
26 0  12 0  29 0  26 0  23 0  23 0  32 1  36 0  26 0  21 0  12 0  12 0  17 0  17 0  33 0  2 0  17 0  7 0  23 0  17 0  37 2  29 0  31 0  36 0  26 0  34 0  7 0  12 0  10 0  17 0  11 0  31 0  33 0  5 0  21 0  32 1  28 0  6 0  35 0  2 0  
2 0  2 0  32 1  38 0  10 0  22 0  29 0  29 0  29 0  31 0  28 0  14 0  31 0  28 0  31 0  14 0  37 1  38 0  38 0  28 0  22 0  14 0  14 0  19 0  14 0  14 0  29 0  37 1  32 1  0 0  25 0  10 0  8 0  38 0  31 0  3 0  27 0  28 0  14 0  22 0  
7 0  7 0  21 0  7 0  9 0  21 0  28 0  28 0  0 0  30 0  35 0  0 0  31 0  9 0  21 0  0 0  30 0  35 0  16 0  26 0  0 0  21 0  7 0  31 0  4 0  38 0  16 0  9 0  31 0  26 0  28 0  35 0  22 3  5 0  4 0  0 0  30 0  17 2  3 0  31 0  
14 0  23 0  14 0  21 0  12 0  21 0  21 0  4 0  4 0  20 0  1 0  29 0  12 0  6 0  36 0  35 0  8 0  29 0  21 0  29 0  6 0  23 0  14 0  4 0  17 2  19 0  36 0  9 0  6 0  22 3  8 0  20 0  29 0  12 0  11 0  7 0  1 0  16 0  5 0  18 0  
14 0  21 0  37 0  20 0  21 0  20 0  31 0  20 0  25 0  18 0  14 0  27 0  21 0  30 0  29 0  18 0  29 0  12 0  25 0  18 0  18 0  37 0  15 0  3 0  7 0  17 2  19 0  1 0  22 3  32 0  29 0  21 0  20 0  18 0  25 0  30 0  12 0  14 0  27 0  31 0  
30 0  30 0  30 0  11 0  2 0  2 0  12 2  31 0  2 0  21 0  13 0  35 0  0 0  15 0  7 0  4 0  34 0  6 0  8 0  9 0  10 0  20 0  11 0  32 0  5 0  14 0  16 0  3 0  18 0  19 0  33 0  17 2  22 0  23 0  24 0  25 0  26 0  27 0  28 0  29 0  
7 0  17 1  26 0  7 0  7 0  7 0  7 0  7 0  7 0  7 0  22 0  31 0  7 0  22 0  22 0  7 0  13 0  35 0  6 0  17 1  18 0  0 0  10 0  6 0  15 0  23 0  22 0  9 0  7 0  8 0  26 0  21 0  5 0  18 0  35 0  13 0  12 2  31 0  19 0  2 0  
21 0  25 0  25 0  35 0  21 0  21 0  21 0  15 0  15 0  21 0  21 0  21 0  27 0  21 0  37 0  3 0  3 0  29 0  29 0  37 0  3 0  3 0  37 0  3 0  3 0  29 0  0 0  34 1  15 0  27 0  31 0  25 0  10 1  21 0  35 0  3 0  22 3  37 0  26 0  19 0  
