3500 3500 164
365 185 0
378 200 0
410 165 0
425 148 0
425 296 0
439 116 0
464 1006 0
520 205 0
520 350 0
540 530 0
549 1413 0
549 1882 0
553 496 0
555 755 0
555 496 0
555 659 0
567 473 0
572 592 0
572 975 0
572 1175 0
572 1575 0
572 1390 0
572 1490 0
572 1590 0
572 1690 0
572 1890 0
610 625 0
660 490 0
690 447 0
949 445 0
949 478 0
970 463 0
572 665 0
482 640 0
264 594 0
349 566 0
276 660 0
745 422 0
434 622 0
446 433 0
668 506 0
405 635 0
486 320 0
554 549 0
392 491 0
459 528 0
426 579 0
728 359 0
644 465 0
382 323 0
268 352 0
324 512 0
277 426 0
254 685 0
483 532 0
678 414 0
546 590 0
716 640 0
542 400 0
634 596 0
497 696 0
417 300 0
290 605 0
321 520 0
543 290 0
599 269 0
467 679 0
583 421 0
729 723 0
465 590 0
614 585 0
446 327 0
734 616 0
479 606 0
656 278 0
537 355 0
604 519 0
746 596 0
439 281 0
339 405 0
273 526 0
625 568 0
185 365 0
200 378 0
165 410 0
148 425 0
296 425 0
116 439 0
1006 464 0
205 520 0
350 520 0
530 540 0
1413 549 0
1882 549 0
496 553 0
755 555 0
496 555 0
659 555 0
473 567 0
592 572 0
975 572 0
1175 572 0
1575 572 0
1390 572 0
1490 572 0
1590 572 0
1690 572 0
1890 572 0
625 610 0
490 660 0
447 690 0
445 949 0
478 949 0
463 970 0
665 572 0
640 482 0
594 264 0
566 349 0
660 276 0
422 745 0
622 434 0
433 446 0
506 668 0
635 405 0
320 486 0
549 554 0
491 392 0
528 459 0
579 426 0
359 728 0
465 644 0
323 382 0
352 268 0
512 324 0
426 277 0
685 254 0
532 483 0
414 678 0
590 546 0
640 716 0
400 542 0
596 634 0
696 497 0
300 417 0
605 290 0
520 321 0
290 543 0
269 599 0
679 467 0
421 583 0
723 729 0
590 465 0
585 614 0
327 446 0
616 734 0
606 479 0
278 656 0
355 537 0
519 604 0
596 746 0
281 439 0
405 339 0
526 273 0
568 625 0
