3500 3500 164
365 185 162
378 200 153
410 165 168
425 148 184
425 296 88
439 116 210
464 1006 21
520 205 102
520 350 54
540 530 36
549 1413 12
549 1882 6
553 496 42
555 755 24
555 496 42
555 659 30
567 473 42
572 592 30
572 975 18
572 1175 12
572 1575 12
572 1390 12
572 1490 12
572 1590 12
572 1690 12
572 1890 6
610 625 25
660 490 35
690 447 35
949 445 21
949 478 21
970 463 21
572 665 30
482 640 35
264 594 65
349 566 60
276 660 60
745 422 32
434 622 40
446 433 56
668 506 30
405 635 40
486 320 70
554 549 36
392 491 56
459 528 42
426 579 48
728 359 36
644 465 35
382 323 90
268 352 117
324 512 60
277 426 96
254 685 65
483 532 42
678 414 40
546 590 30
716 640 20
542 400 48
634 596 25
497 696 35
417 300 88
290 605 60
321 520 60
543 290 72
599 269 65
467 679 35
583 421 48
729 723 16
465 590 35
614 585 25
446 327 70
734 616 20
479 606 35
656 278 60
537 355 54
604 519 30
746 596 20
439 281 84
339 405 80
273 526 72
625 568 30
185 365 162
200 378 153
165 410 168
148 425 184
296 425 88
116 439 210
1006 464 21
205 520 102
350 520 54
530 540 36
1413 549 12
1882 549 6
496 553 42
755 555 24
496 555 42
659 555 30
473 567 42
592 572 30
975 572 18
1175 572 12
1575 572 12
1390 572 12
1490 572 12
1590 572 12
1690 572 12
1890 572 6
625 610 25
490 660 35
447 690 35
445 949 21
478 949 21
463 970 21
665 572 30
640 482 35
594 264 65
566 349 60
660 276 60
422 745 32
622 434 40
433 446 56
506 668 30
635 405 40
320 486 70
549 554 36
491 392 56
528 459 42
579 426 48
359 728 36
465 644 35
323 382 90
352 268 117
512 324 60
426 277 96
685 254 65
532 483 42
414 678 40
590 546 30
640 716 20
400 542 48
596 634 25
696 497 35
300 417 88
605 290 60
520 321 60
290 543 72
269 599 65
679 467 35
421 583 48
723 729 16
590 465 35
585 614 25
327 446 70
616 734 20
606 479 35
278 656 60
355 537 54
519 604 30
596 746 20
281 439 84
405 339 80
526 273 72
568 625 30
