1000 1000 100
572 665 1
482 640 2
264 594 3
349 566 2
276 660 3
745 422 2
434 622 2
446 433 4
668 506 1
405 635 2
486 320 6
554 549 1
392 491 4
459 528 2
426 579 2
728 359 2
644 465 2
382 323 6
268 352 6
324 512 3
277 426 6
254 685 3
483 532 2
678 414 2
546 590 1
716 640 1
542 400 2
634 596 1
497 696 2
417 300 6
290 605 3
321 520 3
543 290 3
599 269 3
467 679 2
583 421 2
729 723 1
465 590 2
614 585 1
446 327 6
734 616 1
479 606 2
656 278 3
537 355 2
604 519 1
746 596 1
439 281 6
339 405 4
273 526 3
625 568 1
665 572 1
640 482 2
594 264 3
566 349 2
660 276 3
422 745 2
622 434 2
433 446 4
506 668 1
635 405 2
320 486 6
549 554 1
491 392 4
528 459 2
579 426 2
359 728 2
465 644 2
323 382 6
352 268 6
512 324 3
426 277 6
685 254 3
532 483 2
414 678 2
590 546 1
640 716 1
400 542 2
596 634 1
696 497 2
300 417 6
605 290 3
520 321 3
290 543 3
269 599 3
679 467 2
421 583 2
723 729 1
590 465 2
585 614 1
327 446 6
616 734 1
606 479 2
278 656 3
355 537 2
519 604 1
596 746 1
281 439 6
405 339 4
526 273 3
568 625 1
